100.0000000000 6.5068936272 5.7298334880
200.0000000000 3.9890235490 4.3657707664
300.0000000000 3.1251171097 3.2352596291
400.0000000000 2.1588224549 2.4302618067
500.0000000000 1.3805695840 1.7851465171
600.0000000000 1.0232011457 1.3752938387
700.0000000000 0.7987259632 1.1663487562
800.0000000000 0.6976470606 1.1505733798
900.0000000000 0.6620399539 1.2151995733
1000.0000000000 0.6625818573 1.1233371519
1100.0000000000 0.5053873103 1.1024568307
1200.0000000000 0.4485126419 1.0223950341
1300.0000000000 0.3936196229 0.9459697656
1400.0000000000 0.3530199010 0.8534836515
1500.0000000000 0.3303777149 0.7974957472
1600.0000000000 0.3013395110 0.7567420259
1700.0000000000 0.2918643041 0.7506128732
1800.0000000000 0.2683137435 0.7343506076
1900.0000000000 0.3052277794 0.7998282611
2000.0000000000 0.3083920132 0.6476858832
2100.0000000000 0.2637975130 0.8078825574
2200.0000000000 0.2524905345 0.7177745584
2300.0000000000 0.2488830903 0.6386518476
2400.0000000000 0.2461080507 0.6018321050
2500.0000000000 0.2532725769 0.5511750054
2600.0000000000 0.2401410906 0.5210777670
2700.0000000000 0.2520036110 0.5036352363
2800.0000000000 0.2414657978 0.4388157893
2900.0000000000 0.2209942071 0.4629287256
3000.0000000000 0.2210306931 0.4287784091
3100.0000000000 0.2119659489 0.3917842496
3200.0000000000 0.2043686399 0.3773441227
3300.0000000000 0.1980355113 0.3606111817
3400.0000000000 0.1916990799 0.3450868799
3500.0000000000 0.1852442733 0.3329096431
3600.0000000000 0.1787305372 0.3195440344
3700.0000000000 0.1848231585 0.3226118893
3800.0000000000 0.1789837058 0.3227212128
3900.0000000000 0.1661225755 0.3131372213
4000.0000000000 0.1685034336 0.3170582648
4100.0000000000 0.1562516109 0.3090322234
4200.0000000000 0.1514896490 0.3022322866
4300.0000000000 0.1474928180 0.2963938487
4400.0000000000 0.1436036492 0.2903654358
4500.0000000000 0.1396236706 0.2833619331
4600.0000000000 0.1354997548 0.2798427758
4700.0000000000 0.1311171419 0.2770381558
4800.0000000000 0.1298773890 0.2813285985
4900.0000000000 0.1251469448 0.2744717348
5000.0000000000 0.1228710722 0.2702572941
5100.0000000000 0.1190294992 0.2653135925
5200.0000000000 0.1162479430 0.2598139146
5300.0000000000 0.1134615852 0.2538000463
5400.0000000000 0.1105282989 0.2472251349
5500.0000000000 0.1074244193 0.2401906354
5600.0000000000 0.1041547152 0.2328317417
5700.0000000000 0.1021564069 0.2259310056
5800.0000000000 0.0980213306 0.2209065333
5900.0000000000 0.0935157230 0.2164346398
6000.0000000000 0.0914450235 0.2065644042
6100.0000000000 0.0895552190 0.2012241216
6200.0000000000 0.0872053299 0.1958815739
6300.0000000000 0.0847028770 0.1904623686
6400.0000000000 0.0820503503 0.1850126433
6500.0000000000 0.0792645690 0.1795711440
6600.0000000000 0.0763621462 0.1741604032
6700.0000000000 0.0744182327 0.1763381712
6800.0000000000 0.0708353515 0.1644952238
6900.0000000000 0.0692942188 0.1610033080
7000.0000000000 0.0658543799 0.1559603568
7100.0000000000 0.0641931431 0.1526931683
7200.0000000000 0.0624046940 0.1494276488
7300.0000000000 0.0605861442 0.1461136073
7400.0000000000 0.0587718030 0.1427764374
7500.0000000000 0.0570010648 0.1394352140
7600.0000000000 0.0553184273 0.1382797464
7700.0000000000 0.0540806892 0.1399786129
7800.0000000000 0.0539317203 0.1401593484
7900.0000000000 0.0516479045 0.1409968598
8000.0000000000 0.0508951213 0.1419875672
8100.0000000000 0.0503739816 0.1423088617
8200.0000000000 0.0499973197 0.1428144682
8300.0000000000 0.0497476628 0.1432998075
8400.0000000000 0.0496059218 0.1437181459
8500.0000000000 0.0495575337 0.1440188155
8600.0000000000 0.0495803992 0.1441389880
8700.0000000000 0.0500442774 0.1424546661
8800.0000000000 0.0497956029 0.1431715282
8900.0000000000 0.0495897756 0.1428954177
9000.0000000000 0.0496107627 0.1447117146
9100.0000000000 0.0495116233 0.1455944099
9200.0000000000 0.0493950534 0.1460745632
9300.0000000000 0.0492267719 0.1461297018
9400.0000000000 0.0489871119 0.1457471290
9500.0000000000 0.0486775802 0.1449459197
9600.0000000000 0.0483060462 0.1437735230
9700.0000000000 0.0478912789 0.1426352825
9800.0000000000 0.0474126299 0.1407175304
9900.0000000000 0.0470203968 0.1389617966
10000.0000000000 0.0465010131 0.1370204988
10100.0000000000 0.0462156820 0.1357399111
10200.0000000000 0.0458946180 0.1341999035
10300.0000000000 0.0455491569 0.1326989997
10400.0000000000 0.0451724215 0.1332453790
10500.0000000000 0.0447605644 0.1336929260
10600.0000000000 0.0443097093 0.1340460518
10700.0000000000 0.0438822377 0.1311862336
10800.0000000000 0.0434346651 0.1341435131
10900.0000000000 0.0429997401 0.1339711825
11000.0000000000 0.0427705862 0.1335235162
11100.0000000000 0.0422227944 0.1333442113
11200.0000000000 0.0418928066 0.1328696017
11300.0000000000 0.0415336349 0.1322850724
11400.0000000000 0.0411331015 0.1316157786
11500.0000000000 0.0406889955 0.1308586802
11600.0000000000 0.0402506542 0.1298058002
11700.0000000000 0.0397665523 0.1291061057
11800.0000000000 0.0392727251 0.1277921367
11900.0000000000 0.0387869242 0.1271310094
12000.0000000000 0.0382887129 0.1261867377
12100.0000000000 0.0379271221 0.1254282683
12200.0000000000 0.0375365021 0.1245641711
12300.0000000000 0.0371170517 0.1235959364
12400.0000000000 0.0366686037 0.1225143248
12500.0000000000 0.0362059192 0.1211777043
12600.0000000000 0.0357557812 0.1201884871
12700.0000000000 0.0353007626 0.1190864294
12800.0000000000 0.0348789078 0.1180839789
12900.0000000000 0.0344085347 0.1166608653
13000.0000000000 0.0341025949 0.1136634687
13100.0000000000 0.0336992253 0.1148300237
13200.0000000000 0.0333842771 0.1139386254
13300.0000000000 0.0330444095 0.1129746826
13400.0000000000 0.0326844860 0.1119446330
13500.0000000000 0.0323056043 0.1106846106
13600.0000000000 0.0319432597 0.1099278102
13700.0000000000 0.0315810565 0.1090436843
13800.0000000000 0.0312516597 0.1082264997
13900.0000000000 0.0309118039 0.1071204482
14000.0000000000 0.0306740749 0.1063608463
14100.0000000000 0.0304070277 0.1057456778
14200.0000000000 0.0301929219 0.1050858619
14300.0000000000 0.0299740136 0.1043579125
14400.0000000000 0.0297499601 0.1035794739
14500.0000000000 0.0295212186 0.1027512020
14600.0000000000 0.0292913348 0.1020131190
14700.0000000000 0.0290781615 0.1013208756
14800.0000000000 0.0288874690 0.1007714562
14900.0000000000 0.0287026205 0.1002434962
15000.0000000000 0.0285100017 0.0994022294
15100.0000000000 0.0283763422 0.0989193341
15200.0000000000 0.0282551806 0.0984248745
15300.0000000000 0.0281311373 0.0978967953
15400.0000000000 0.0280042451 0.0973412957
15500.0000000000 0.0278742699 0.0967734570
15600.0000000000 0.0277392213 0.0962987878
15700.0000000000 0.0276143220 0.0960047348
15800.0000000000 0.0274866937 0.0953761542
15900.0000000000 0.0273664316 0.0949695588
16000.0000000000 0.0272538161 0.0941851594
16100.0000000000 0.0271696592 0.0941522550
16200.0000000000 0.0270838336 0.0937507861
16300.0000000000 0.0269941457 0.0933182010
16400.0000000000 0.0268979704 0.0928592686
16500.0000000000 0.0267994310 0.0924443875
16600.0000000000 0.0267535389 0.0918677863
16700.0000000000 0.0266021210 0.0917246046
16800.0000000000 0.0265093703 0.0913910903
16900.0000000000 0.0264259856 0.0909080757
17000.0000000000 0.0263257562 0.0907209619
17100.0000000000 0.0262629608 0.0904313797
17200.0000000000 0.0261923987 0.0901185498
17300.0000000000 0.0261163946 0.0897784785
17400.0000000000 0.0260344715 0.0894134308
17500.0000000000 0.0259467639 0.0890713924
17600.0000000000 0.0258579692 0.0887452100
17700.0000000000 0.0257917498 0.0884395332
17800.0000000000 0.0256884718 0.0881731987
17900.0000000000 0.0256079596 0.0878935116
18000.0000000000 0.0255332870 0.0876287268
18100.0000000000 0.0254543524 0.0874245052
18200.0000000000 0.0253895366 0.0871907173
18300.0000000000 0.0253199540 0.0869353509
18400.0000000000 0.0252466890 0.0866522065
18500.0000000000 0.0251693868 0.0863499870
18600.0000000000 0.0250899288 0.0860846062
18700.0000000000 0.0250114867 0.0858319818
18800.0000000000 0.0249578987 0.0855354849
18900.0000000000 0.0248721395 0.0853182684
19000.0000000000 0.0247982551 0.0851387250
19100.0000000000 0.0247465817 0.0850372699
19200.0000000000 0.0246980649 0.0849343842
19300.0000000000 0.0246454513 0.0848262528
19400.0000000000 0.0245898012 0.0847200289
19500.0000000000 0.0245313976 0.0846015256
19600.0000000000 0.0244737599 0.0844712195
19700.0000000000 0.0244090851 0.0843249382
19800.0000000000 0.0243547546 0.0842280134
19900.0000000000 0.0242928513 0.0841143979
20000.0000000000 0.0242339684 0.0839836150
20100.0000000000 0.0241938245 0.0839049307
20200.0000000000 0.0241538255 0.0838083635
20300.0000000000 0.0241111003 0.0837047625
20400.0000000000 0.0240665920 0.0835954389
20500.0000000000 0.0240189198 0.0834880229
20600.0000000000 0.0239691985 0.0833782224
20700.0000000000 0.0239146232 0.0832448167
20800.0000000000 0.0238665731 0.0831552835
20900.0000000000 0.0238163948 0.0830459599
21000.0000000000 0.0237670350 0.0829511811
21100.0000000000 0.0237320405 0.0828698739
21200.0000000000 0.0236962658 0.0827872553
21300.0000000000 0.0236587133 0.0826987951
21400.0000000000 0.0236188338 0.0826024663
21500.0000000000 0.0235771951 0.0825056608
21600.0000000000 0.0235333853 0.0824056363
21700.0000000000 0.0234941247 0.0823285018
21800.0000000000 0.0234510321 0.0822104753
21900.0000000000 0.0234114468 0.0821331023
22000.0000000000 0.0233645669 0.0820064921
22100.0000000000 0.0233368306 0.0819288807
22200.0000000000 0.0233050058 0.0818425663
22300.0000000000 0.0232717095 0.0817518409
22400.0000000000 0.0232364395 0.0816595656
22500.0000000000 0.0231997424 0.0815668135
22600.0000000000 0.0231631768 0.0814859832
22700.0000000000 0.0231267974 0.0813965692
22800.0000000000 0.0230917743 0.0812936834
22900.0000000000 0.0230559041 0.0811958049
23000.0000000000 0.0230209805 0.0811136632
23100.0000000000 0.0229916126 0.0810466623
23200.0000000000 0.0229635704 0.0809727467
23300.0000000000 0.0229340524 0.0808962083
23400.0000000000 0.0229036207 0.0808164510
23500.0000000000 0.0228721264 0.0807366937
23600.0000000000 0.0228415558 0.0806575324
23700.0000000000 0.0228107661 0.0805776559
23800.0000000000 0.0227799259 0.0804986139
23900.0000000000 0.0227510910 0.0804183797
24000.0000000000 0.0227219925 0.0803321846
24100.0000000000 0.0227017296 0.0802669720
24200.0000000000 0.0226795048 0.0802052167
24300.0000000000 0.0226570594 0.0801365467
24400.0000000000 0.0226326976 0.0800678767
24500.0000000000 0.0226069119 0.0799981338
24600.0000000000 0.0225800808 0.0799267218
24700.0000000000 0.0225545896 0.0798598401
24800.0000000000 0.0225287978 0.0797883089
24900.0000000000 0.0225013009 0.0797092669
25000.0000000000 0.0224776882 0.0796450080
25100.0000000000 0.0224616442 0.0795883791
25200.0000000000 0.0224431723 0.0795316310
25300.0000000000 0.0224241845 0.0794686835
25400.0000000000 0.0224032373 0.0794080012
25500.0000000000 0.0223833643 0.0793449345
25600.0000000000 0.0223623684 0.0792796027
25700.0000000000 0.0223414085 0.0792211855
25800.0000000000 0.0223214681 0.0791562113
25900.0000000000 0.0223014369 0.0790938599
26000.0000000000 0.0222803861 0.0790292434
26100.0000000000 0.0222644239 0.0789808406
26200.0000000000 0.0222497033 0.0789300534
26300.0000000000 0.0222333583 0.0788761666
26400.0000000000 0.0222176450 0.0788163188
26500.0000000000 0.0222012240 0.0787580208
26600.0000000000 0.0221839848 0.0787044916
26700.0000000000 0.0221667732 0.0786563273
26800.0000000000 0.0221495117 0.0786024404
26900.0000000000 0.0221329789 0.0785502226
27000.0000000000 0.0221149586 0.0784953820
27100.0000000000 0.0221019668 0.0784621200
27200.0000000000 0.0220877834 0.0784189629
27300.0000000000 0.0220741600 0.0783741366
27400.0000000000 0.0220608460 0.0783276413
27500.0000000000 0.0220474138 0.0782834112
27600.0000000000 0.0220333932 0.0782332201
27700.0000000000 0.0220203366 0.0781931626
27800.0000000000 0.0220062804 0.0781496478
27900.0000000000 0.0219929331 0.0781047024
28000.0000000000 0.0219795585 0.0780623797
28100.0000000000 0.0219716442 0.0780176727
28200.0000000000 0.0219629255 0.0779821455
28300.0000000000 0.0219535015 0.0779466184
28400.0000000000 0.0219438591 0.0779114488
28500.0000000000 0.0219332796 0.0778712721
28600.0000000000 0.0219237798 0.0778349104
28700.0000000000 0.0219139111 0.0777993833
28800.0000000000 0.0219051750 0.0777669558
28900.0000000000 0.0218948620 0.0777316670
29000.0000000000 0.0218856518 0.0776953053
29100.0000000000 0.0218793868 0.0776664544
29200.0000000000 0.0218726672 0.0776342654
29300.0000000000 0.0218662997 0.0776027916
29400.0000000000 0.0218600517 0.0775725101
29500.0000000000 0.0218530092 0.0775407979
29600.0000000000 0.0218452526 0.0775074167
29700.0000000000 0.0218381367 0.0774730817
29800.0000000000 0.0218306201 0.0774435154
29900.0000000000 0.0218241535 0.0774115648
30000.0000000000 0.0218170707 0.0773843830
