100.0000000000 0.9987976929 1.0153520521
200.0000000000 0.9886432307 1.2106733578
300.0000000000 1.2380070970 1.7729310593
400.0000000000 1.2436639264 1.7030808789
500.0000000000 2.0683303832 2.0588482442
600.0000000000 0.2515828447 0.3954062926
700.0000000000 0.1187618683 0.2209410770
800.0000000000 0.0707196322 0.2067428746
900.0000000000 0.0551205278 0.1701921491
1000.0000000000 0.0752920230 0.2367362884
1100.0000000000 0.0243506536 0.1595090953
1200.0000000000 0.0208070488 0.1521761913
1300.0000000000 0.0180857235 0.1447693419
1400.0000000000 0.0162786354 0.1376300045
1500.0000000000 0.0151158806 0.1306859174
1600.0000000000 0.0422309352 0.1017060563
1700.0000000000 0.0166668461 0.1178664346
1800.0000000000 0.0133391515 0.1136696233
1900.0000000000 0.0569633784 0.0954080601
2000.0000000000 0.0132293724 0.1042726860
2100.0000000000 0.0124410704 0.1003292890
2200.0000000000 0.0117260990 0.0965609646
2300.0000000000 0.0112623325 0.0926382669
2400.0000000000 0.0107489481 0.0886909059
2500.0000000000 0.0102202236 0.0847575828
2600.0000000000 0.0096765722 0.0808662695
2700.0000000000 0.0930299157 0.1221118871
2800.0000000000 0.0088715201 0.0738269863
2900.0000000000 0.0282398430 0.0657718256
3000.0000000000 0.0079540000 0.0661614472
3100.0000000000 0.0075119648 0.0661630120
3200.0000000000 0.0074268321 0.0644301980
3300.0000000000 0.0071994719 0.0626020835
3400.0000000000 0.0069898305 0.0606916187
3500.0000000000 0.0067841024 0.0587061504
3600.0000000000 0.0065789539 0.0566779124
3700.0000000000 0.0063721407 0.0547328593
3800.0000000000 0.0072297444 0.0548226310
3900.0000000000 0.0060887318 0.0515279327
4000.0000000000 0.0058852914 0.0495822537
4100.0000000000 0.0058159894 0.0482323850
4200.0000000000 0.0057418625 0.0468564224
4300.0000000000 0.0056815405 0.0454588364
4400.0000000000 0.0056338467 0.0440377644
4500.0000000000 0.0055937493 0.0426023116
4600.0000000000 0.0055595609 0.0411547283
4700.0000000000 0.0701147550 0.1057117451
4800.0000000000 0.0055524431 0.0379263454
4900.0000000000 0.0053242436 0.0372544437
5000.0000000000 0.0055997085 0.0360499027
5100.0000000000 0.0057796499 0.0350612071
5200.0000000000 0.0051864427 0.0345343349
5300.0000000000 0.0052536197 0.0337926307
5400.0000000000 0.0052325142 0.0330027471
5500.0000000000 0.0052056818 0.0321841468
5600.0000000000 0.0051733592 0.0313532372
5700.0000000000 0.0051270144 0.0305094668
5800.0000000000 0.0050694955 0.0296588414
5900.0000000000 0.0050423615 0.0286891462
6000.0000000000 0.0045401963 0.0290120203
6100.0000000000 0.0049271551 0.0275561662
6200.0000000000 0.0047951471 0.0270036918
6300.0000000000 0.0047344447 0.0264248254
6400.0000000000 0.0046671187 0.0258451096
6500.0000000000 0.0045966023 0.0252562586
6600.0000000000 0.0045225362 0.0246657684
6700.0000000000 0.0044443631 0.0240693768
6800.0000000000 0.0043592347 0.0234728660
6900.0000000000 0.0066659769 0.0295680712
7000.0000000000 0.0043392464 0.0223707487
7100.0000000000 0.0041251785 0.0219860747
7200.0000000000 0.0040611247 0.0215986437
7300.0000000000 0.0039911359 0.0212019584
7400.0000000000 0.0039230238 0.0208028142
7500.0000000000 0.0038523989 0.0203961145
7600.0000000000 0.0037786502 0.0199852868
7700.0000000000 0.0036583555 0.0196114617
7800.0000000000 0.0039002543 0.0219183287
7900.0000000000 0.0036630629 0.0187998356
8000.0000000000 0.0038948661 0.0185754213
8100.0000000000 0.0035094438 0.0181790788
8200.0000000000 0.0034034842 0.0179233248
8300.0000000000 0.0033483676 0.0176723695
8400.0000000000 0.0032949816 0.0174113401
8500.0000000000 0.0032392165 0.0171454377
8600.0000000000 0.0031814609 0.0168747367
8700.0000000000 0.0031237629 0.0165971807
8800.0000000000 0.0037637046 0.0191077627
8900.0000000000 0.0029894172 0.0161579045
9000.0000000000 0.0140573542 0.0240616425
9100.0000000000 0.0029113073 0.0156061752
9200.0000000000 0.0028826640 0.0153947856
9300.0000000000 0.0028358497 0.0152057345
9400.0000000000 0.0027946884 0.0150117508
9500.0000000000 0.0027540276 0.0148166494
9600.0000000000 0.0027120754 0.0146129344
9700.0000000000 0.0056789338 0.0140636641
9800.0000000000 0.0046989951 0.0148486596
9900.0000000000 0.0028670139 0.0136288883
10000.0000000000 0.0028938774 0.0144958766
10100.0000000000 0.0025425839 0.0136256545
10200.0000000000 0.0024976401 0.0135146321
10300.0000000000 0.0024740077 0.0133804813
10400.0000000000 0.0024475915 0.0132391773
10500.0000000000 0.0024225180 0.0130954741
10600.0000000000 0.0023958269 0.0129453628
10700.0000000000 0.0023688895 0.0127914515
10800.0000000000 0.0047514696 0.0143549451
10900.0000000000 0.0023184764 0.0124846570
11000.0000000000 0.0039859410 0.0134528619
11100.0000000000 0.0022664665 0.0122522253
11200.0000000000 0.0022546485 0.0121441982
11300.0000000000 0.0022365262 0.0120341743
11400.0000000000 0.0022178473 0.0119240907
11500.0000000000 0.0021987902 0.0118103561
11600.0000000000 0.0021792337 0.0116931492
11700.0000000000 0.0021592761 0.0115694598
11800.0000000000 0.0024667244 0.0118106690
11900.0000000000 0.0022663750 0.0118628272
12000.0000000000 0.0024683246 0.0111156389
12100.0000000000 0.0020771723 0.0111332236
12200.0000000000 0.0020696869 0.0110291159
12300.0000000000 0.0020571093 0.0109374665
12400.0000000000 0.0020429802 0.0108445057
12500.0000000000 0.0020284781 0.0107475362
12600.0000000000 0.0020140157 0.0106492851
12700.0000000000 0.0019986504 0.0105479641
12800.0000000000 0.0021314935 0.0108104837
12900.0000000000 0.0021847075 0.0109971206
13000.0000000000 0.0019647185 0.0103194219
13100.0000000000 0.0019418061 0.0101955536
13200.0000000000 0.0019324060 0.0101268539
13300.0000000000 0.0019224743 0.0100576474
13400.0000000000 0.0019114965 0.0099838212
13500.0000000000 0.0019001361 0.0099079832
13600.0000000000 0.0018882921 0.0098319664
13700.0000000000 0.0018763343 0.0097504357
13800.0000000000 0.0018185450 0.0099028270
13900.0000000000 0.0020130639 0.0100736227
14000.0000000000 0.0019729022 0.0094918205
14100.0000000000 0.0018287548 0.0094518674
14200.0000000000 0.0018194011 0.0093942102
14300.0000000000 0.0018101946 0.0093308157
14400.0000000000 0.0018009004 0.0092821148
14500.0000000000 0.0017909432 0.0092399412
14600.0000000000 0.0017800788 0.0091989598
14700.0000000000 0.0017699210 0.0091507209
14800.0000000000 0.0017334423 0.0091702430
14900.0000000000 0.0017234701 0.0091706454
15000.0000000000 0.0017874165 0.0089822798
15100.0000000000 0.0017310466 0.0089887474
15200.0000000000 0.0017232029 0.0089580039
15300.0000000000 0.0017152455 0.0089251889
15400.0000000000 0.0017076949 0.0088901088
15500.0000000000 0.0016990120 0.0088523165
15600.0000000000 0.0016894597 0.0088150309
15700.0000000000 0.0016821526 0.0087705623
15800.0000000000 0.0016399277 0.0088393366
15900.0000000000 0.0016227669 0.0088053443
16000.0000000000 0.0015759188 0.0090415017
16100.0000000000 0.0016469510 0.0086192440
16200.0000000000 0.0016394265 0.0085897820
16300.0000000000 0.0016326136 0.0085575781
16400.0000000000 0.0016252514 0.0085246141
16500.0000000000 0.0016180695 0.0084885505
16600.0000000000 0.0016092018 0.0084521142
16700.0000000000 0.0015966208 0.0084251559
16800.0000000000 0.0016266111 0.0083349222
16900.0000000000 0.0015937345 0.0083458755
17000.0000000000 0.0015813072 0.0082932106
17100.0000000000 0.0015707963 0.0082712297
17200.0000000000 0.0015657105 0.0082410971
17300.0000000000 0.0015591591 0.0082117693
17400.0000000000 0.0015532278 0.0081792524
17500.0000000000 0.0015463908 0.0081466461
17600.0000000000 0.0015402102 0.0081101950
17700.0000000000 0.0015339772 0.0080726262
17800.0000000000 0.0015173008 0.0080562187
17900.0000000000 0.0015116109 0.0080161165
18000.0000000000 0.0015288541 0.0078795366
18100.0000000000 0.0015055828 0.0079412621
18200.0000000000 0.0015020235 0.0079123516
18300.0000000000 0.0014974031 0.0078846034
18400.0000000000 0.0014927217 0.0078551862
18500.0000000000 0.0014879518 0.0078239956
18600.0000000000 0.0014822040 0.0077942058
18700.0000000000 0.0014754359 0.0077622254
18800.0000000000 0.0014865693 0.0076915734
18900.0000000000 0.0013783858 0.0082021573
19000.0000000000 0.0014544709 0.0076653006
19100.0000000000 0.0014542640 0.0076322919
19200.0000000000 0.0014501803 0.0076049461
19300.0000000000 0.0014457980 0.0075785988
19400.0000000000 0.0014409877 0.0075500459
19500.0000000000 0.0014363682 0.0075201220
19600.0000000000 0.0014315224 0.0074873369
19700.0000000000 0.0014273383 0.0074539556
19800.0000000000 0.0014101304 0.0074325559
19900.0000000000 0.0014158429 0.0073910231
20000.0000000000 0.0014126490 0.0073537970
20100.0000000000 0.0014082189 0.0073315627
20200.0000000000 0.0014046738 0.0073056923
20300.0000000000 0.0014005711 0.0072808948
20400.0000000000 0.0013964988 0.0072523270
20500.0000000000 0.0013930230 0.0072233569
20600.0000000000 0.0013883820 0.0071948487
20700.0000000000 0.0013810710 0.0071697830
20800.0000000000 0.0013765958 0.0071331083
20900.0000000000 0.0013892753 0.0070684620
21000.0000000000 0.0013728854 0.0070663458
21100.0000000000 0.0013681852 0.0070463171
21200.0000000000 0.0013653879 0.0070231440
21300.0000000000 0.0013622117 0.0069992555
21400.0000000000 0.0013592937 0.0069715521
21500.0000000000 0.0013555760 0.0069467844
21600.0000000000 0.0013516845 0.0069203178
21700.0000000000 0.0013488628 0.0068896041
21800.0000000000 0.0013440589 0.0068617516
21900.0000000000 0.0013425883 0.0068326623
22000.0000000000 0.0013233988 0.0068359110
22100.0000000000 0.0013350905 0.0067856007
22200.0000000000 0.0013331561 0.0067641413
22300.0000000000 0.0013299449 0.0067428906
22400.0000000000 0.0013277618 0.0067198367
22500.0000000000 0.0013249186 0.0066956055
22600.0000000000 0.0013214561 0.0066733563
22700.0000000000 0.0013191708 0.0066452803
22800.0000000000 0.0013208154 0.0066102300
22900.0000000000 0.0013127060 0.0065943292
23000.0000000000 0.0013235329 0.0065485939
23100.0000000000 0.0013088153 0.0065518426
23200.0000000000 0.0013064502 0.0065322908
23300.0000000000 0.0013040739 0.0065143036
23400.0000000000 0.0013021458 0.0064941110
23500.0000000000 0.0012998192 0.0064742462
23600.0000000000 0.0012972242 0.0064517734
23700.0000000000 0.0012966506 0.0064286301
23800.0000000000 0.0012899372 0.0064284066
23900.0000000000 0.0012929764 0.0063814642
24000.0000000000 0.0013128774 0.0063202752
24100.0000000000 0.0012873193 0.0063483512
24200.0000000000 0.0012850529 0.0063325547
24300.0000000000 0.0012843687 0.0063160727
24400.0000000000 0.0012817572 0.0063003806
24500.0000000000 0.0012807439 0.0062806499
24600.0000000000 0.0012784768 0.0062627969
24700.0000000000 0.0012771400 0.0062437964
24800.0000000000 0.0012774010 0.0062223519
24900.0000000000 0.0012745875 0.0062067343
25000.0000000000 0.0012731248 0.0061873165
25100.0000000000 0.0012707956 0.0061730103
25200.0000000000 0.0012689476 0.0061589723
25300.0000000000 0.0012674966 0.0061454261
25400.0000000000 0.0012665641 0.0061305088
25500.0000000000 0.0012652250 0.0061150104
25600.0000000000 0.0012635390 0.0061003316
25700.0000000000 0.0012623612 0.0060824488
25800.0000000000 0.0012616444 0.0060693347
25900.0000000000 0.0012592648 0.0060521970
26000.0000000000 0.0012557634 0.0060392022
26100.0000000000 0.0012571691 0.0060231375
26200.0000000000 0.0012560734 0.0060107685
26300.0000000000 0.0012540513 0.0060000538
26400.0000000000 0.0012541306 0.0059863436
26500.0000000000 0.0012523977 0.0059737809
26600.0000000000 0.0012508515 0.0059618442
26700.0000000000 0.0012509348 0.0059476273
26800.0000000000 0.0012489936 0.0059355863
26900.0000000000 0.0012447494 0.0059270323
27000.0000000000 0.0012457460 0.0059125174
27100.0000000000 0.0012466815 0.0058980473
27200.0000000000 0.0012453154 0.0058886886
27300.0000000000 0.0012449173 0.0058796429
27400.0000000000 0.0012445462 0.0058688387
27500.0000000000 0.0012430146 0.0058591671
27600.0000000000 0.0012410636 0.0058512390
27700.0000000000 0.0012410116 0.0058398536
27800.0000000000 0.0012405497 0.0058295412
27900.0000000000 0.0012394339 0.0058182452
28000.0000000000 0.0012392005 0.0058066363
28100.0000000000 0.0012384720 0.0057989616
28200.0000000000 0.0012382991 0.0057893347
28300.0000000000 0.0012375617 0.0057831353
28400.0000000000 0.0012366609 0.0057745814
28500.0000000000 0.0012364930 0.0057642988
28600.0000000000 0.0012352041 0.0057567731
28700.0000000000 0.0012339928 0.0057489643
28800.0000000000 0.0012334290 0.0057390989
28900.0000000000 0.0012317527 0.0057331231
29000.0000000000 0.0012302107 0.0057267002
29100.0000000000 0.0012314702 0.0057159705
29200.0000000000 0.0012312374 0.0057101735
29300.0000000000 0.0012305640 0.0057042126
29400.0000000000 0.0012302365 0.0056978940
29500.0000000000 0.0012296252 0.0056933935
29600.0000000000 0.0012294055 0.0056845117
29700.0000000000 0.0012287149 0.0056779993
29800.0000000000 0.0012277194 0.0056724110
29900.0000000000 0.0012278341 0.0056649300
30000.0000000000 0.0012267454 0.0056576875
