100.0000000000 11.3223435000 11.1196447451
200.0000000000 6.3767800598 7.4645295115
300.0000000000 2.6141263969 3.9080787223
400.0000000000 1.4439671327 2.6527315356
500.0000000000 1.0303644347 1.8806620380
600.0000000000 0.8470748033 1.6947160315
700.0000000000 0.7446247038 1.4385323265
800.0000000000 0.6511422465 1.2549231258
900.0000000000 0.5825684551 1.1127635259
1000.0000000000 0.5316095473 1.0367083123
1100.0000000000 0.5001093999 0.9649973090
1200.0000000000 0.4737163576 0.9305741604
1300.0000000000 0.4500404746 0.8989798332
1400.0000000000 0.4285840033 0.8697790003
1500.0000000000 0.4090012119 0.8390516911
1600.0000000000 0.3924978934 0.8388442506
1700.0000000000 0.3765792029 0.8046077389
1800.0000000000 0.3665558509 0.8084765050
1900.0000000000 0.3607695492 0.7701226562
2000.0000000000 0.3571634959 0.8321766466
2100.0000000000 0.3358698401 0.7469545281
2200.0000000000 0.3285198008 0.7292531139
2300.0000000000 0.3218649812 0.7150150031
2400.0000000000 0.3154204887 0.7022388713
2500.0000000000 0.3091532494 0.6903524686
2600.0000000000 0.3030829052 0.6791702907
2700.0000000000 0.2972265441 0.6767890164
2800.0000000000 0.2955348879 0.6792886153
2900.0000000000 0.2870378164 0.6770242945
3000.0000000000 0.2852034884 0.6625411296
3100.0000000000 0.2795747141 0.6797325261
3200.0000000000 0.2761419608 0.6873637749
3300.0000000000 0.2729443708 0.6922271827
3400.0000000000 0.2697867287 0.6959822141
3500.0000000000 0.2666482255 0.6990266425
3600.0000000000 0.2635319862 0.7014686588
3700.0000000000 0.2604443555 0.7033421807
3800.0000000000 0.2606643450 0.6859637897
3900.0000000000 0.2571861744 0.6814018860
4000.0000000000 0.2526394944 0.6947597456
4100.0000000000 0.2506155640 0.6971480538
4200.0000000000 0.2486611634 0.6984395500
4300.0000000000 0.2467045625 0.6991514049
4400.0000000000 0.2447342014 0.6994352050
4500.0000000000 0.2427498895 0.6993413799
4600.0000000000 0.2407531657 0.6988962769
4700.0000000000 0.2387458527 0.6981070491
4800.0000000000 0.2367285623 0.6969855587
4900.0000000000 0.2358591758 0.6879274409
5000.0000000000 0.2354529308 0.6796074061
5100.0000000000 0.2319899001 0.6875722884
5200.0000000000 0.2303654936 0.6880561971
5300.0000000000 0.2289040568 0.6872131421
5400.0000000000 0.2274430117 0.6859257589
5500.0000000000 0.2259624581 0.6843621460
5600.0000000000 0.2244607411 0.6825689775
5700.0000000000 0.2229365652 0.6805584733
5800.0000000000 0.2213912326 0.6783360579
5900.0000000000 0.2219162887 0.6656277614
6000.0000000000 0.2189148722 0.6710247325
6100.0000000000 0.2178010635 0.6700971514
6200.0000000000 0.2167094859 0.6686875691
6300.0000000000 0.2156022647 0.6670433643
6400.0000000000 0.2144730825 0.6652227755
6500.0000000000 0.2133210970 0.6632494676
6600.0000000000 0.2121457787 0.6611309512
6700.0000000000 0.2109466758 0.6588753930
6800.0000000000 0.2097244419 0.6564831505
6900.0000000000 0.2088949750 0.6521500871
7000.0000000000 0.2085008363 0.6532642455
7100.0000000000 0.2068069550 0.6483916579
7200.0000000000 0.2058937378 0.6471095800
7300.0000000000 0.2050194218 0.6454305038
7400.0000000000 0.2041289348 0.6436070537
7500.0000000000 0.2032168225 0.6416775586
7600.0000000000 0.2022806007 0.6396503042
7700.0000000000 0.2013199000 0.6375316686
7800.0000000000 0.2003354045 0.6353173601
7900.0000000000 0.2001133233 0.6291381355
8000.0000000000 0.1985788427 0.6301835047
8100.0000000000 0.1978681160 0.6288849150
8200.0000000000 0.1971601219 0.6274017747
8300.0000000000 0.1964342255 0.6258230210
8400.0000000000 0.1956886953 0.6241587876
8500.0000000000 0.1949213207 0.6224236190
8600.0000000000 0.1941329832 0.6206047588
8700.0000000000 0.1933210864 0.6187174075
8800.0000000000 0.1924877761 0.6168099679
8900.0000000000 0.1918987141 0.6157698443
9000.0000000000 0.1908991827 0.6149605878
9100.0000000000 0.1903200726 0.6143620503
9200.0000000000 0.1897324067 0.6136889415
9300.0000000000 0.1891247782 0.6129861472
9400.0000000000 0.1884954394 0.6122619532
9500.0000000000 0.1878458841 0.6115009803
9600.0000000000 0.1871742766 0.6107043609
9700.0000000000 0.1864804165 0.6098805000
9800.0000000000 0.1859398243 0.6086935586
9900.0000000000 0.1851769469 0.6083977174
10000.0000000000 0.1844825774 0.6075917990
10100.0000000000 0.1839811643 0.6069797302
10200.0000000000 0.1834656941 0.6063286172
10300.0000000000 0.1829310214 0.6056487130
10400.0000000000 0.1823778281 0.6049322682
10500.0000000000 0.1818059228 0.6041730239
10600.0000000000 0.1812142496 0.6033743778
10700.0000000000 0.1806032359 0.6025326937
10800.0000000000 0.1801053570 0.5999763467
10900.0000000000 0.1794528083 0.6008725137
11000.0000000000 0.1788626976 0.6000587268
11100.0000000000 0.1784371251 0.5994322922
11200.0000000000 0.1779966519 0.5987789737
11300.0000000000 0.1775392430 0.5980867303
11400.0000000000 0.1770642926 0.5973613441
11500.0000000000 0.1765717011 0.5965994770
11600.0000000000 0.1760619359 0.5957918895
11700.0000000000 0.1755330633 0.5949480595
11800.0000000000 0.1750133653 0.5939499605
11900.0000000000 0.1744710649 0.5931807018
12000.0000000000 0.1739746305 0.5923430116
12100.0000000000 0.1735957802 0.5917596745
12200.0000000000 0.1732210967 0.5911492748
12300.0000000000 0.1728338945 0.5904976253
12400.0000000000 0.1724305191 0.5898162308
12500.0000000000 0.1720112148 0.5890971036
12600.0000000000 0.1715756064 0.5883440587
12700.0000000000 0.1711250657 0.5875442204
12800.0000000000 0.1706560877 0.5867115970
12900.0000000000 0.1702235222 0.5858217486
13000.0000000000 0.1697250074 0.5850972565
13100.0000000000 0.1693899712 0.5845018187
13200.0000000000 0.1690438753 0.5838752648
13300.0000000000 0.1686840856 0.5832118724
13400.0000000000 0.1683082545 0.5825192117
13500.0000000000 0.1679186801 0.5817808307
13600.0000000000 0.1675124852 0.5810123469
13700.0000000000 0.1670901554 0.5802043422
13800.0000000000 0.1666470574 0.5795184174
13900.0000000000 0.1662092507 0.5785024952
14000.0000000000 0.1657843054 0.5776297547
14100.0000000000 0.1654659745 0.5770250774
14200.0000000000 0.1651363178 0.5763880323
14300.0000000000 0.1647943968 0.5757133736
14400.0000000000 0.1644391247 0.5750005650
14500.0000000000 0.1640693181 0.5742510370
14600.0000000000 0.1636844266 0.5734674125
14700.0000000000 0.1632835366 0.5726529699
14800.0000000000 0.1628941647 0.5717772490
14900.0000000000 0.1625210244 0.5710297477
15000.0000000000 0.1621400402 0.5702668076
15100.0000000000 0.1618632128 0.5696885969
15200.0000000000 0.1615745188 0.5690880923
15300.0000000000 0.1612743763 0.5684533123
15400.0000000000 0.1609597302 0.5677931387
15500.0000000000 0.1606312603 0.5670988090
15600.0000000000 0.1602901817 0.5663685349
15700.0000000000 0.1599350934 0.5656031508
15800.0000000000 0.1595819394 0.5648517153
15900.0000000000 0.1592233025 0.5640407301
16000.0000000000 0.1588682583 0.5633040777
16100.0000000000 0.1586113531 0.5627909604
16200.0000000000 0.1583471923 0.5622314670
16300.0000000000 0.1580714876 0.5616424074
16400.0000000000 0.1577856699 0.5610138864
16500.0000000000 0.1574876105 0.5603591373
16600.0000000000 0.1571765508 0.5596700532
16700.0000000000 0.1568532436 0.5589441305
16800.0000000000 0.1565164063 0.5581763621
16900.0000000000 0.1561938121 0.5573896379
17000.0000000000 0.1558884866 0.5565719168
17100.0000000000 0.1556489830 0.5560679793
17200.0000000000 0.1554159901 0.5555163544
17300.0000000000 0.1551728956 0.5549347460
17400.0000000000 0.1549193804 0.5543236905
17500.0000000000 0.1546546755 0.5536870030
17600.0000000000 0.1543785918 0.5530212262
17700.0000000000 0.1540909722 0.5523261811
17800.0000000000 0.1537914200 0.5515989471
17900.0000000000 0.1534908074 0.5508551416
18000.0000000000 0.1531840112 0.5501530030
18100.0000000000 0.1529605355 0.5496230163
18200.0000000000 0.1527293113 0.5490639402
18300.0000000000 0.1524881793 0.5484811396
18400.0000000000 0.1522382251 0.5478653750
18500.0000000000 0.1519783091 0.5472198057
18600.0000000000 0.1517085418 0.5465454451
18700.0000000000 0.1514281297 0.5458452140
18800.0000000000 0.1511490849 0.5451647733
18900.0000000000 0.1508685046 0.5444672843
19000.0000000000 0.1505915020 0.5437922680
19100.0000000000 0.1503928926 0.5432921455
19200.0000000000 0.1501880782 0.5427678217
19300.0000000000 0.1499761389 0.5422198925
19400.0000000000 0.1497545496 0.5416466890
19500.0000000000 0.1495248034 0.5410463632
19600.0000000000 0.1492861727 0.5404180210
19700.0000000000 0.1490402223 0.5397595761
19800.0000000000 0.1487806081 0.5390454561
19900.0000000000 0.1485375065 0.5384735640
20000.0000000000 0.1482917043 0.5378775897
20100.0000000000 0.1481120542 0.5374378515
20200.0000000000 0.1479258194 0.5369807074
20300.0000000000 0.1477331523 0.5365051440
20400.0000000000 0.1475345735 0.5360015642
20500.0000000000 0.1473287775 0.5354737830
20600.0000000000 0.1471161503 0.5349210851
20700.0000000000 0.1468970504 0.5343494314
20800.0000000000 0.1466738296 0.5337601930
20900.0000000000 0.1464463356 0.5331837706
21000.0000000000 0.1462232526 0.5326032351
21100.0000000000 0.1460607723 0.5321794722
21200.0000000000 0.1458935170 0.5317400917
21300.0000000000 0.1457202466 0.5312832456
21400.0000000000 0.1455419974 0.5308063708
21500.0000000000 0.1453569330 0.5303126265
21600.0000000000 0.1451686749 0.5297898525
21700.0000000000 0.1449726563 0.5292560508
21800.0000000000 0.1447749729 0.5287100887
21900.0000000000 0.1445767602 0.5281700876
22000.0000000000 0.1443765660 0.5276366435
22100.0000000000 0.1442344686 0.5272581838
22200.0000000000 0.1440888393 0.5268763859
22300.0000000000 0.1439402358 0.5264817124
22400.0000000000 0.1437890588 0.5260552075
22500.0000000000 0.1436314151 0.5256211918
22600.0000000000 0.1434680885 0.5251800826
22700.0000000000 0.1433013472 0.5247166795
22800.0000000000 0.1431277231 0.5242474347
22900.0000000000 0.1429541660 0.5237716924
23000.0000000000 0.1427808164 0.5233112102
23100.0000000000 0.1426582483 0.5229812128
23200.0000000000 0.1425303954 0.5226487119
23300.0000000000 0.1424009925 0.5223013682
23400.0000000000 0.1422676584 0.5219420430
23500.0000000000 0.1421306924 0.5215749686
23600.0000000000 0.1419895644 0.5211950186
23700.0000000000 0.1418435296 0.5208125650
23800.0000000000 0.1416938570 0.5204189049
23900.0000000000 0.1415439220 0.5200243506
24000.0000000000 0.1413931512 0.5196343266
24100.0000000000 0.1412868871 0.5193484997
24200.0000000000 0.1411758156 0.5190648784
24300.0000000000 0.1410615101 0.5187735079
24400.0000000000 0.1409432944 0.5184805876
24500.0000000000 0.1408238083 0.5181722880
24600.0000000000 0.1406999379 0.5178633328
24700.0000000000 0.1405743962 0.5175436478
24800.0000000000 0.1404463342 0.5172144850
24900.0000000000 0.1403199663 0.5169122656
25000.0000000000 0.1401911964 0.5165929979
25100.0000000000 0.1401027954 0.5163612963
25200.0000000000 0.1400112954 0.5161315619
25300.0000000000 0.1399160289 0.5158996219
25400.0000000000 0.1398185466 0.5156642842
25500.0000000000 0.1397185055 0.5154218529
25600.0000000000 0.1396158567 0.5151692881
25700.0000000000 0.1395121617 0.5149136832
25800.0000000000 0.1394072372 0.5146474082
25900.0000000000 0.1393003330 0.5143962741
26000.0000000000 0.1391955001 0.5141502663
26100.0000000000 0.1391195434 0.5139776972
26200.0000000000 0.1390433699 0.5137920737
26300.0000000000 0.1389653632 0.5136035293
26400.0000000000 0.1388856385 0.5134144484
26500.0000000000 0.1388031251 0.5132241158
26600.0000000000 0.1387186018 0.5130285971
26700.0000000000 0.1386334410 0.5128240178
26800.0000000000 0.1385466823 0.5126146102
26900.0000000000 0.1384585687 0.5124093155
27000.0000000000 0.1383716137 0.5122074187
27100.0000000000 0.1383083982 0.5120714497
27200.0000000000 0.1382448978 0.5119301160
27300.0000000000 0.1381815634 0.5117824040
27400.0000000000 0.1381183958 0.5116278370
27500.0000000000 0.1380525464 0.5114733891
27600.0000000000 0.1379854387 0.5113139937
27700.0000000000 0.1379160900 0.5111528100
27800.0000000000 0.1378452238 0.5109912091
27900.0000000000 0.1377738890 0.5108265084
28000.0000000000 0.1377023937 0.5106601387
28100.0000000000 0.1376528204 0.5105392510
28200.0000000000 0.1376022128 0.5104211649
28300.0000000000 0.1375492545 0.5103095165
28400.0000000000 0.1374956055 0.5101961992
28500.0000000000 0.1374417119 0.5100792456
28600.0000000000 0.1373868664 0.5099568080
28700.0000000000 0.1373313820 0.5098303170
28800.0000000000 0.1372751596 0.5097027530
28900.0000000000 0.1372183436 0.5095744140
29000.0000000000 0.1371612261 0.5094472077
29100.0000000000 0.1371188969 0.5093632777
29200.0000000000 0.1370774252 0.5092761884
29300.0000000000 0.1370354333 0.5091859995
29400.0000000000 0.1369928499 0.5090962874
29500.0000000000 0.1369497900 0.5090055024
29600.0000000000 0.1369061117 0.5089106639
29700.0000000000 0.1368620183 0.5088144544
29800.0000000000 0.1368176347 0.5087147876
29900.0000000000 0.1367729268 0.5086157764
30000.0000000000 0.1367282244 0.5085209976
