100.0000000000 0.9891862891 1.0970566905
200.0000000000 2.0459995984 3.0901327950
300.0000000000 1.6348778313 2.1158600576
400.0000000000 1.0111574278 1.0046929793
500.0000000000 0.9172335469 0.8945020079
600.0000000000 0.7644858694 0.7521461449
700.0000000000 0.3154547558 0.4266021313
800.0000000000 0.1670850132 0.3894791261
900.0000000000 0.1392188453 0.3175706072
1000.0000000000 0.1138365482 0.2941230603
1100.0000000000 0.0789101744 0.2754233683
1200.0000000000 0.0602927073 0.2767030321
1300.0000000000 0.0558329751 0.2771943324
1400.0000000000 0.0902634082 0.2576079513
1500.0000000000 0.0835233240 0.2830512492
1600.0000000000 0.0836386159 0.3211610573
1700.0000000000 0.0847522484 0.2473054734
1800.0000000000 0.0684838085 0.2910979155
1900.0000000000 0.0677254615 0.2997117946
2000.0000000000 0.0614476665 0.2895054517
2100.0000000000 0.0496065826 0.2711500037
2200.0000000000 0.0496736349 0.2682956100
2300.0000000000 0.0504381037 0.2669764252
2400.0000000000 0.0507671408 0.2656780441
2500.0000000000 0.0507154841 0.2632703628
2600.0000000000 0.0504135804 0.2592666709
2700.0000000000 0.0504398225 0.2542033632
2800.0000000000 0.0629723647 0.2397991509
2900.0000000000 0.0662683139 0.2412366006
3000.0000000000 0.0517655389 0.2353882825
3100.0000000000 0.0487569500 0.2297892804
3200.0000000000 0.0479637328 0.2249846326
3300.0000000000 0.0473775738 0.2211517513
3400.0000000000 0.0468599194 0.2173035057
3500.0000000000 0.0463558863 0.2131577349
3600.0000000000 0.0458436750 0.2086954087
3700.0000000000 0.0477143630 0.2077633867
3800.0000000000 0.0452313558 0.1971944252
3900.0000000000 0.0442664436 0.1952770904
4000.0000000000 0.0438158410 0.1950325728
4100.0000000000 0.0431210902 0.1884219554
4200.0000000000 0.0428228932 0.1848304771
4300.0000000000 0.0425507665 0.1817655580
4400.0000000000 0.0422522170 0.1787857014
4500.0000000000 0.0419134234 0.1757747884
4600.0000000000 0.0415336915 0.1727061735
4700.0000000000 0.0415336207 0.1748655669
4800.0000000000 0.0491767225 0.1575956500
4900.0000000000 0.0400624012 0.1639980222
5000.0000000000 0.0395965524 0.1623846355
5100.0000000000 0.0392120594 0.1592028969
5200.0000000000 0.0389459602 0.1570976139
5300.0000000000 0.0386683764 0.1551052607
5400.0000000000 0.0383692440 0.1530997190
5500.0000000000 0.0380449448 0.1510358495
5600.0000000000 0.0376956200 0.1489051132
5700.0000000000 0.0373238396 0.1467036803
5800.0000000000 0.0366306945 0.1450595203
5900.0000000000 0.0365201371 0.1421179776
6000.0000000000 0.0356359540 0.1408144999
6100.0000000000 0.0357530931 0.1387788853
6200.0000000000 0.0355497975 0.1372781155
6300.0000000000 0.0353230112 0.1365719236
6400.0000000000 0.0350841820 0.1357487333
6500.0000000000 0.0348314736 0.1348189616
6600.0000000000 0.0345654617 0.1338077336
6700.0000000000 0.0342863257 0.1327362555
6800.0000000000 0.0339966349 0.1316143330
6900.0000000000 0.0337039373 0.1302923914
7000.0000000000 0.0426763769 0.1323175893
7100.0000000000 0.0331132087 0.1275242374
7200.0000000000 0.0329372483 0.1267875850
7300.0000000000 0.0327539406 0.1260971001
7400.0000000000 0.0325626559 0.1253715947
7500.0000000000 0.0323630276 0.1245990128
7600.0000000000 0.0321543493 0.1237842424
7700.0000000000 0.0319371005 0.1229266874
7800.0000000000 0.0317109102 0.1220300584
7900.0000000000 0.0316448809 0.1211372295
8000.0000000000 0.0312181301 0.1197905649
8100.0000000000 0.0310603302 0.1191341467
8200.0000000000 0.0308954293 0.1184729300
8300.0000000000 0.0307249221 0.1177888829
8400.0000000000 0.0305471198 0.1170745244
8500.0000000000 0.0303625645 0.1163239830
8600.0000000000 0.0301704285 0.1155389875
8700.0000000000 0.0303872338 0.1122931093
8800.0000000000 0.0297440801 0.1135742037
8900.0000000000 0.0295501689 0.1127428917
9000.0000000000 0.0293324745 0.1117950136
9100.0000000000 0.0291987932 0.1111434237
9200.0000000000 0.0290696012 0.1105751380
9300.0000000000 0.0289339691 0.1100055408
9400.0000000000 0.0287924319 0.1094135008
9500.0000000000 0.0286438512 0.1087984813
9600.0000000000 0.0284896962 0.1081521073
9700.0000000000 0.0283284751 0.1074821280
9800.0000000000 0.0282066992 0.1066014594
9900.0000000000 0.0279814505 0.1058978604
10000.0000000000 0.0278083977 0.1051109574
10100.0000000000 0.0276757950 0.1045638628
10200.0000000000 0.0275603484 0.1040734566
10300.0000000000 0.0274405612 0.1035864780
10400.0000000000 0.0273165137 0.1030795899
10500.0000000000 0.0271870331 0.1025526731
10600.0000000000 0.0270520702 0.1020031941
10700.0000000000 0.0269110063 0.1014279340
10800.0000000000 0.0266842724 0.1013890091
10900.0000000000 0.0269439673 0.0992357405
11000.0000000000 0.0264476681 0.0993508760
11100.0000000000 0.0263435335 0.0989083958
11200.0000000000 0.0262367376 0.0984639186
11300.0000000000 0.0261263493 0.0980068043
11400.0000000000 0.0260111311 0.0975310025
11500.0000000000 0.0258912130 0.0970368112
11600.0000000000 0.0257656718 0.0965177329
11700.0000000000 0.0261325495 0.0964743969
11800.0000000000 0.0255048651 0.0953227741
11900.0000000000 0.0256505698 0.0942701921
12000.0000000000 0.0252308650 0.0941578285
12100.0000000000 0.0251408266 0.0937571643
12200.0000000000 0.0250449125 0.0933564404
12300.0000000000 0.0249454066 0.0929401585
12400.0000000000 0.0248410661 0.0925018211
12500.0000000000 0.0247323695 0.0920418754
12600.0000000000 0.0246183007 0.0915566552
12700.0000000000 0.0244992163 0.0910516746
12800.0000000000 0.0243599137 0.0904551937
12900.0000000000 0.0242510907 0.0899464874
13000.0000000000 0.0241367218 0.0893918224
13100.0000000000 0.0240439979 0.0890265959
13200.0000000000 0.0239549021 0.0886509676
13300.0000000000 0.0238631323 0.0882601389
13400.0000000000 0.0237669323 0.0878515764
13500.0000000000 0.0236663064 0.0874287971
13600.0000000000 0.0235614567 0.0869837239
13700.0000000000 0.0234521172 0.0865220196
13800.0000000000 0.0233907362 0.0859373115
13900.0000000000 0.0232344250 0.0855125949
14000.0000000000 0.0231162876 0.0850616203
14100.0000000000 0.0230321307 0.0847191050
14200.0000000000 0.0229491506 0.0843734602
14300.0000000000 0.0228624892 0.0840133005
14400.0000000000 0.0227721153 0.0836395796
14500.0000000000 0.0226780154 0.0832520891
14600.0000000000 0.0225799689 0.0828464176
14700.0000000000 0.0224775485 0.0824257842
14800.0000000000 0.0223782760 0.0819786843
14900.0000000000 0.0222159711 0.0818112714
15000.0000000000 0.0221691408 0.0811175676
15100.0000000000 0.0220969158 0.0808128148
15200.0000000000 0.0220221642 0.0805040086
15300.0000000000 0.0219437009 0.0801864695
15400.0000000000 0.0218625138 0.0798542964
15500.0000000000 0.0217779764 0.0795104101
15600.0000000000 0.0216897800 0.0791578804
15700.0000000000 0.0215977371 0.0787924154
15800.0000000000 0.0215067205 0.0784284407
15900.0000000000 0.0214137811 0.0780226501
16000.0000000000 0.0213198595 0.0776767668
16100.0000000000 0.0212547955 0.0774164826
16200.0000000000 0.0211868374 0.0771530987
16300.0000000000 0.0211159936 0.0768737991
16400.0000000000 0.0210416572 0.0765884789
16500.0000000000 0.0209645474 0.0762968401
16600.0000000000 0.0208844381 0.0759883916
16700.0000000000 0.0208008699 0.0756710314
16800.0000000000 0.0207162878 0.0753393053
16900.0000000000 0.0206423214 0.0750386060
17000.0000000000 0.0205306094 0.0747597236
17100.0000000000 0.0204866761 0.0744559842
17200.0000000000 0.0204246337 0.0742170401
17300.0000000000 0.0203600706 0.0739686777
17400.0000000000 0.0202926424 0.0737125661
17500.0000000000 0.0202226238 0.0734498081
17600.0000000000 0.0201497909 0.0731759628
17700.0000000000 0.0200742417 0.0728939807
17800.0000000000 0.0200095181 0.0726012988
17900.0000000000 0.0199226033 0.0723275429
18000.0000000000 0.0198476179 0.0720378712
18100.0000000000 0.0197929010 0.0718433063
18200.0000000000 0.0197378623 0.0716414392
18300.0000000000 0.0196803432 0.0714362638
18400.0000000000 0.0196205901 0.0712189878
18500.0000000000 0.0195588537 0.0709987610
18600.0000000000 0.0194945687 0.0707673873
18700.0000000000 0.0194273985 0.0705295162
18800.0000000000 0.0193592760 0.0702777859
18900.0000000000 0.0192865189 0.0700269796
19000.0000000000 0.0192247588 0.0697693181
19100.0000000000 0.0191746169 0.0695834562
19200.0000000000 0.0191238610 0.0693958954
19300.0000000000 0.0190712005 0.0692067251
19400.0000000000 0.0190164254 0.0690074808
19500.0000000000 0.0189592406 0.0688074318
19600.0000000000 0.0189005463 0.0685989183
19700.0000000000 0.0188339794 0.0683877224
19800.0000000000 0.0187788626 0.0681756323
19900.0000000000 0.0187108824 0.0679699503
20000.0000000000 0.0186575398 0.0677406629
20100.0000000000 0.0186143644 0.0675863939
20200.0000000000 0.0185691941 0.0674299193
20300.0000000000 0.0185221397 0.0672696596
20400.0000000000 0.0184741790 0.0671015314
20500.0000000000 0.0184238978 0.0669376057
20600.0000000000 0.0183723832 0.0667622946
20700.0000000000 0.0183202222 0.0665810524
20800.0000000000 0.0182579709 0.0664095563
20900.0000000000 0.0182131698 0.0662365997
21000.0000000000 0.0181603407 0.0660575630
21100.0000000000 0.0181238199 0.0659279425
21200.0000000000 0.0180861965 0.0657938811
21300.0000000000 0.0180465810 0.0656592236
21400.0000000000 0.0180056277 0.0655200953
21500.0000000000 0.0179635479 0.0653775694
21600.0000000000 0.0179194533 0.0652299766
21700.0000000000 0.0178740538 0.0650806850
21800.0000000000 0.0178270132 0.0649242105
21900.0000000000 0.0177803704 0.0647740545
22000.0000000000 0.0177340512 0.0646157023
22100.0000000000 0.0177002448 0.0645036367
22200.0000000000 0.0176657724 0.0643875177
22300.0000000000 0.0176301565 0.0642669577
22400.0000000000 0.0175930174 0.0641424338
22500.0000000000 0.0175549448 0.0640154659
22600.0000000000 0.0175154630 0.0638848916
22700.0000000000 0.0174703804 0.0637477007
22800.0000000000 0.0174343632 0.0636139671
22900.0000000000 0.0173925231 0.0634753754
23000.0000000000 0.0173518183 0.0633335051
23100.0000000000 0.0173228524 0.0632334806
23200.0000000000 0.0172933010 0.0631260348
23300.0000000000 0.0172622638 0.0630193638
23400.0000000000 0.0172304444 0.0629095634
23500.0000000000 0.0171975209 0.0627974680
23600.0000000000 0.0171640299 0.0626804549
23700.0000000000 0.0171295161 0.0625623985
23800.0000000000 0.0170952687 0.0624449383
23900.0000000000 0.0170595790 0.0623329621
24000.0000000000 0.0170243783 0.0622118956
24100.0000000000 0.0169993885 0.0621256706
24200.0000000000 0.0169742627 0.0620354817
24300.0000000000 0.0169481956 0.0619428487
24400.0000000000 0.0169216475 0.0618452682
24500.0000000000 0.0168936719 0.0617508768
24600.0000000000 0.0168653853 0.0616487362
24700.0000000000 0.0168360894 0.0615502914
24800.0000000000 0.0168058135 0.0614519955
24900.0000000000 0.0167763972 0.0613511663
25000.0000000000 0.0167465416 0.0612504563
25100.0000000000 0.0167248633 0.0611728450
25200.0000000000 0.0167028721 0.0610970815
25300.0000000000 0.0166803953 0.0610172049
25400.0000000000 0.0166574494 0.0609343777
25500.0000000000 0.0166340267 0.0608487787
25600.0000000000 0.0166099050 0.0607654746
25700.0000000000 0.0165848747 0.0606807400
25800.0000000000 0.0165591825 0.0605915644
25900.0000000000 0.0165343778 0.0605059355
26000.0000000000 0.0165090654 0.0604195616
26100.0000000000 0.0164918677 0.0603503551
26200.0000000000 0.0164736918 0.0602885402
26300.0000000000 0.0164547450 0.0602241621
26400.0000000000 0.0164356069 0.0601592177
26500.0000000000 0.0164161141 0.0600894450
26600.0000000000 0.0163961836 0.0600159765
26700.0000000000 0.0163758680 0.0599430146
26800.0000000000 0.0163550847 0.0598669829
26900.0000000000 0.0163342991 0.0597919049
27000.0000000000 0.0163149413 0.0597162607
27100.0000000000 0.0162989622 0.0596631189
27200.0000000000 0.0162845807 0.0596071159
27300.0000000000 0.0162691495 0.0595509639
27400.0000000000 0.0162533974 0.0594937986
27500.0000000000 0.0162375949 0.0594378552
27600.0000000000 0.0162215576 0.0593757720
27700.0000000000 0.0162052713 0.0593152089
27800.0000000000 0.0161885579 0.0592510693
27900.0000000000 0.0161716696 0.0591869594
28000.0000000000 0.0161546768 0.0591219554
28100.0000000000 0.0161421439 0.0590785896
28200.0000000000 0.0161295114 0.0590314684
28300.0000000000 0.0161167456 0.0589825291
28400.0000000000 0.0161037702 0.0589336793
28500.0000000000 0.0160906570 0.0588827729
28600.0000000000 0.0160773396 0.0588319261
28700.0000000000 0.0160637453 0.0587789036
28800.0000000000 0.0160498463 0.0587266858
28900.0000000000 0.0160360754 0.0586736037
29000.0000000000 0.0160223566 0.0586212071
29100.0000000000 0.0160125364 0.0585824014
29200.0000000000 0.0160026540 0.0585446090
29300.0000000000 0.0159925653 0.0585034786
29400.0000000000 0.0159825043 0.0584640172
29500.0000000000 0.0159722405 0.0584231252
29600.0000000000 0.0159618090 0.0583829485
29700.0000000000 0.0159513441 0.0583422949
29800.0000000000 0.0159406144 0.0582994954
29900.0000000000 0.0159300189 0.0582588418
30000.0000000000 0.0159192465 0.0582184267
